{
 "cells": [
  {
   "cell_type": "code",
   "execution_count": null,
   "metadata": {},
   "outputs": [],
   "source": []
  },
  {
   "cell_type": "code",
   "execution_count": 1,
   "metadata": {},
   "outputs": [
    {
     "name": "stdout",
     "output_type": "stream",
     "text": [
      "Importing MCMC Module: mcmc_sampling_original.py\n",
      "Data successfully loaded from 'c:\\Users\\pengyu\\Desktop\\9.10-HMC\\HMC_v4-main\\src\\calibration\\calibration_10SitesModel.csv'\n",
      "data loaded\n",
      "original [[ 9.8800000e+02 -1.0475210e+00 -1.9000000e+03  9.6400000e+02\n",
      "  -9.5500000e+01  4.8000000e+01 -9.8800000e-01  7.1307016e-01\n",
      "   0.0000000e+00  0.0000000e+00  0.0000000e+00  0.0000000e+00\n",
      "   0.0000000e+00]\n",
      " [-1.0475210e+00  8.8713590e-02  2.9507419e+00 -1.4900000e+00\n",
      "  -9.4600000e-01  4.3485503e-01  1.2637850e-02 -2.3811700e-03\n",
      "   0.0000000e+00  0.0000000e+00  0.0000000e+00  0.0000000e+00\n",
      "   0.0000000e+00]\n",
      " [-1.9000000e+03  2.9507419e+00  4.1456892e+03 -2.1000000e+03\n",
      "  -2.9800000e+02  1.5358958e+02  1.5200000e+00 -8.6589583e-01\n",
      "   0.0000000e+00  0.0000000e+00  0.0000000e+00  0.0000000e+00\n",
      "   0.0000000e+00]\n",
      " [ 9.6400000e+02 -1.4900000e+00 -2.1000000e+03  1.0700000e+03\n",
      "   1.5300000e+02 -7.8800000e+01 -7.6700000e-01  4.3733948e-01\n",
      "   0.0000000e+00  0.0000000e+00  0.0000000e+00  0.0000000e+00\n",
      "   0.0000000e+00]\n",
      " [-9.5500000e+01 -9.4600000e-01 -2.9800000e+02  1.5300000e+02\n",
      "   4.9300000e+02 -2.5200000e+02  2.9100000e-01 -5.8772874e-01\n",
      "   0.0000000e+00  0.0000000e+00  0.0000000e+00  0.0000000e+00\n",
      "   0.0000000e+00]\n",
      " [ 4.8000000e+01  4.3485503e-01  1.5358958e+02 -7.8800000e+01\n",
      "  -2.5200000e+02  1.2893438e+02 -1.1700000e-01  3.0265739e-01\n",
      "   0.0000000e+00  0.0000000e+00  0.0000000e+00  0.0000000e+00\n",
      "   0.0000000e+00]\n",
      " [-9.8800000e-01  1.2637850e-02  1.5200000e+00 -7.6700000e-01\n",
      "   2.9100000e-01 -1.1700000e-01  5.4900000e-02 -1.5131100e-03\n",
      "   0.0000000e+00  0.0000000e+00  0.0000000e+00  0.0000000e+00\n",
      "   0.0000000e+00]\n",
      " [ 7.1307016e-01 -2.3811700e-03 -8.6589583e-01  4.3733948e-01\n",
      "  -5.8772874e-01  3.0265739e-01 -1.5131100e-03  5.1104500e-03\n",
      "   0.0000000e+00  0.0000000e+00  0.0000000e+00  0.0000000e+00\n",
      "   0.0000000e+00]\n",
      " [ 0.0000000e+00  0.0000000e+00  0.0000000e+00  0.0000000e+00\n",
      "   0.0000000e+00  0.0000000e+00  0.0000000e+00  0.0000000e+00\n",
      "   7.8416587e+01  5.8851248e-01  4.0776538e+00 -6.1855287e+00\n",
      "   2.0196578e-01]\n",
      " [ 0.0000000e+00  0.0000000e+00  0.0000000e+00  0.0000000e+00\n",
      "   0.0000000e+00  0.0000000e+00  0.0000000e+00  0.0000000e+00\n",
      "   5.8851248e-01  3.1307260e-02 -1.3892220e-02 -6.0274690e-02\n",
      "   1.2068710e-02]\n",
      " [ 0.0000000e+00  0.0000000e+00  0.0000000e+00  0.0000000e+00\n",
      "   0.0000000e+00  0.0000000e+00  0.0000000e+00  0.0000000e+00\n",
      "   4.0776538e+00 -1.3892220e-02  1.3834268e+00 -4.9110293e-01\n",
      "  -3.8298630e-02]\n",
      " [ 0.0000000e+00  0.0000000e+00  0.0000000e+00  0.0000000e+00\n",
      "   0.0000000e+00  0.0000000e+00  0.0000000e+00  0.0000000e+00\n",
      "  -6.1855287e+00 -6.0274690e-02 -4.9110293e-01  5.5157369e-01\n",
      "  -3.9628460e-02]\n",
      " [ 0.0000000e+00  0.0000000e+00  0.0000000e+00  0.0000000e+00\n",
      "   0.0000000e+00  0.0000000e+00  0.0000000e+00  0.0000000e+00\n",
      "   2.0196578e-01  1.2068710e-02 -3.8298630e-02 -3.9628460e-02\n",
      "   3.0296630e-02]]\n",
      "mass_matrix initialization: [[ 9.8800000e+02 -1.0475210e+00 -1.9000000e+03  9.6400000e+02\n",
      "  -9.5500000e+01  4.8000000e+01 -9.8800000e-01  7.1307016e-01\n",
      "   0.0000000e+00  0.0000000e+00  0.0000000e+00  0.0000000e+00\n",
      "   0.0000000e+00]\n",
      " [-1.0475210e+00  8.8713590e-02  2.9507419e+00 -1.4900000e+00\n",
      "  -9.4600000e-01  4.3485503e-01  1.2637850e-02 -2.3811700e-03\n",
      "   0.0000000e+00  0.0000000e+00  0.0000000e+00  0.0000000e+00\n",
      "   0.0000000e+00]\n",
      " [-1.9000000e+03  2.9507419e+00  4.1456892e+03 -2.1000000e+03\n",
      "  -2.9800000e+02  1.5358958e+02  1.5200000e+00 -8.6589583e-01\n",
      "   0.0000000e+00  0.0000000e+00  0.0000000e+00  0.0000000e+00\n",
      "   0.0000000e+00]\n",
      " [ 9.6400000e+02 -1.4900000e+00 -2.1000000e+03  1.0700000e+03\n",
      "   1.5300000e+02 -7.8800000e+01 -7.6700000e-01  4.3733948e-01\n",
      "   0.0000000e+00  0.0000000e+00  0.0000000e+00  0.0000000e+00\n",
      "   0.0000000e+00]\n",
      " [-9.5500000e+01 -9.4600000e-01 -2.9800000e+02  1.5300000e+02\n",
      "   4.9300000e+02 -2.5200000e+02  2.9100000e-01 -5.8772874e-01\n",
      "   0.0000000e+00  0.0000000e+00  0.0000000e+00  0.0000000e+00\n",
      "   0.0000000e+00]\n",
      " [ 4.8000000e+01  4.3485503e-01  1.5358958e+02 -7.8800000e+01\n",
      "  -2.5200000e+02  1.2893438e+02 -1.1700000e-01  3.0265739e-01\n",
      "   0.0000000e+00  0.0000000e+00  0.0000000e+00  0.0000000e+00\n",
      "   0.0000000e+00]\n",
      " [-9.8800000e-01  1.2637850e-02  1.5200000e+00 -7.6700000e-01\n",
      "   2.9100000e-01 -1.1700000e-01  5.4900000e-02 -1.5131100e-03\n",
      "   0.0000000e+00  0.0000000e+00  0.0000000e+00  0.0000000e+00\n",
      "   0.0000000e+00]\n",
      " [ 7.1307016e-01 -2.3811700e-03 -8.6589583e-01  4.3733948e-01\n",
      "  -5.8772874e-01  3.0265739e-01 -1.5131100e-03  5.1104500e-03\n",
      "   0.0000000e+00  0.0000000e+00  0.0000000e+00  0.0000000e+00\n",
      "   0.0000000e+00]\n",
      " [ 0.0000000e+00  0.0000000e+00  0.0000000e+00  0.0000000e+00\n",
      "   0.0000000e+00  0.0000000e+00  0.0000000e+00  0.0000000e+00\n",
      "   7.8416587e+01  5.8851248e-01  4.0776538e+00 -6.1855287e+00\n",
      "   2.0196578e-01]\n",
      " [ 0.0000000e+00  0.0000000e+00  0.0000000e+00  0.0000000e+00\n",
      "   0.0000000e+00  0.0000000e+00  0.0000000e+00  0.0000000e+00\n",
      "   5.8851248e-01  3.1307260e-02 -1.3892220e-02 -6.0274690e-02\n",
      "   1.2068710e-02]\n",
      " [ 0.0000000e+00  0.0000000e+00  0.0000000e+00  0.0000000e+00\n",
      "   0.0000000e+00  0.0000000e+00  0.0000000e+00  0.0000000e+00\n",
      "   4.0776538e+00 -1.3892220e-02  1.3834268e+00 -4.9110293e-01\n",
      "  -3.8298630e-02]\n",
      " [ 0.0000000e+00  0.0000000e+00  0.0000000e+00  0.0000000e+00\n",
      "   0.0000000e+00  0.0000000e+00  0.0000000e+00  0.0000000e+00\n",
      "  -6.1855287e+00 -6.0274690e-02 -4.9110293e-01  5.5157369e-01\n",
      "  -3.9628460e-02]\n",
      " [ 0.0000000e+00  0.0000000e+00  0.0000000e+00  0.0000000e+00\n",
      "   0.0000000e+00  0.0000000e+00  0.0000000e+00  0.0000000e+00\n",
      "   2.0196578e-01  1.2068710e-02 -3.8298630e-02 -3.9628460e-02\n",
      "   3.0296630e-02]]\n",
      "\u001b[1m\u001b[36m\n",
      "\n",
      "************************************************\n",
      "\tOptimization Iteration[1/20000]\n",
      "************************************************\n",
      "\u001b[0m\n",
      "\n",
      "uncertain_vals used in optimation:  [-115.55433      -0.83252901  116.0834      -60.928226    128.78113\n",
      "  -66.113007      2.6238074    -0.16535774   -8.709116      0.43593669\n",
      "   -4.5552974     3.2005341    -1.6352241 ]\n",
      "solving the Outer Optimization problem\n",
      "\n",
      "******************************************************************************\n",
      "This program contains Ipopt, a library for large-scale nonlinear optimization.\n",
      " Ipopt is released as open source code under the Eclipse Public License (EPL).\n",
      "         For more information visit https://github.com/coin-or/Ipopt\n",
      "******************************************************************************\n",
      "\n",
      "      solver  :   t_proc      (avg)   t_wall      (avg)    n_eval\n",
      "       nlp_f  |   1.00ms ( 29.41us) 777.00us ( 22.85us)        34\n",
      "       nlp_g  |   3.00ms ( 88.24us)   2.85ms ( 83.82us)        34\n",
      "  nlp_grad_f  |   1.00ms ( 35.71us)   1.23ms ( 43.93us)        28\n",
      "  nlp_hess_l  |   6.00ms (230.77us)   7.31ms (281.23us)        26\n",
      "   nlp_jac_g  |   5.00ms (178.57us)   3.68ms (131.43us)        28\n",
      "       total  |   1.49 s (  1.49 s)   1.48 s (  1.48 s)         1\n",
      "Done; time taken 1.8457791805267334 seconds...\n",
      "sol.value(X) [[4.17878755e-05 1.41836418e-07 9.16370914e-08 ... 2.81868638e-08\n",
      "  1.95263714e-08 6.53578906e-09]\n",
      " [1.17423713e-03 1.34798692e-07 8.76703390e-08 ... 2.75533716e-08\n",
      "  1.90316132e-08 6.26048720e-09]\n",
      " [2.47678579e-03 5.24934938e-08 3.53052624e-08 ... 2.21308918e-08\n",
      "  1.48393816e-08 3.91256935e-09]\n",
      " ...\n",
      " [3.86831071e-03 3.86830996e-03 3.86830907e-03 ... 5.95953182e-08\n",
      "  4.34086546e-08 2.00962877e-08]\n",
      " [1.98756471e+02 1.98756523e+02 1.99022119e+02 ... 2.29160193e+02\n",
      "  2.29160400e+02 2.29160602e+02]\n",
      " [1.00000000e+00 1.00000000e+00 1.00000000e+00 ... 1.00000000e+00\n",
      "  1.00000000e+00 1.00000000e+00]]\n",
      "sol.value(Ua) [ 8.73001818e-05  7.05423314e-05  5.56714846e-05  4.23121419e-05\n",
      "  3.05687415e-05  2.05543062e-05  1.49253946e-05  1.01090631e-05\n",
      "  6.73569924e-06  3.99748751e-06  2.01465959e-06  1.21640148e-06\n",
      "  6.08453144e-07  2.03084330e-07  1.31526548e-08  1.15986368e-14\n",
      "  2.56795642e-14  2.91100475e-14  3.07685813e-14  3.17508879e-14\n",
      "  3.23893599e-14  3.28240536e-14  3.31257151e-14  3.33345153e-14\n",
      "  3.34752297e-14  3.35641190e-14  3.36123872e-14  3.36280614e-14\n",
      "  3.36170773e-14  3.35839371e-14  3.35321257e-14  3.34643827e-14\n",
      "  3.33828877e-14  3.32893888e-14  3.31852956e-14  3.30717480e-14\n",
      "  3.29496684e-14  3.28198018e-14  3.26827482e-14  3.25389876e-14\n",
      "  3.23889014e-14  3.22327886e-14  3.20708801e-14  3.19033500e-14\n",
      "  3.17303253e-14  3.15518933e-14  3.13681087e-14  3.11789984e-14\n",
      "  3.09845662e-14  3.07847959e-14  3.05796547e-14  3.03690952e-14\n",
      "  3.01530570e-14  2.99314683e-14  2.97042467e-14  2.94713002e-14\n",
      "  2.92325275e-14  2.89878185e-14  2.87370546e-14  2.84801088e-14\n",
      "  2.82168456e-14  2.79471217e-14  2.76707854e-14  2.73876770e-14\n",
      "  2.70976286e-14  2.68004645e-14  2.64960008e-14  2.61840458e-14\n",
      "  2.58643995e-14  2.55368542e-14  2.52011942e-14  2.48571958e-14\n",
      "  2.45046271e-14  2.41432482e-14  2.37728113e-14  2.33930599e-14\n",
      "  2.30037297e-14  2.26045476e-14  2.21952321e-14  2.17754928e-14\n",
      "  2.13450307e-14  2.09035376e-14  2.04506962e-14  1.99861795e-14\n",
      "  1.95096514e-14  1.90207656e-14  1.85191658e-14  1.80044859e-14\n",
      "  1.74763488e-14  1.69343673e-14  1.63781430e-14  1.58072668e-14\n",
      "  1.52213181e-14  1.46198653e-14  1.40024649e-14  1.33686621e-14\n",
      "  1.27179901e-14  1.20499703e-14  1.13641123e-14  1.06599137e-14\n",
      "  9.93686003e-15  9.19442528e-15  8.43207151e-15  7.64924930e-15\n",
      "  6.84539789e-15  6.01994555e-15  5.17230999e-15  4.30189878e-15\n",
      "  3.40811006e-15  2.49033318e-15  1.54794958e-15  5.80333814e-16\n",
      " -4.13145341e-16 -1.43312351e-15 -2.48023921e-15 -3.55513208e-15\n",
      " -4.65844089e-15 -5.79080133e-15 -6.95284341e-15 -8.14518864e-15\n",
      " -9.36844685e-15 -1.06232126e-14 -1.19100611e-14 -1.32295441e-14\n",
      " -1.45821845e-14 -1.59684715e-14 -1.73888542e-14 -1.88437353e-14\n",
      " -2.03334635e-14 -2.18583264e-14 -2.34185412e-14 -2.50142454e-14\n",
      " -2.66454872e-14 -2.83122140e-14 -3.00142609e-14 -3.17513378e-14\n",
      " -3.35230159e-14 -3.53287132e-14 -3.71676790e-14 -3.90389779e-14\n",
      " -4.09414725e-14 -4.28738055e-14 -4.48343812e-14 -4.68213465e-14\n",
      " -4.88325714e-14 -5.08656290e-14 -5.29177760e-14 -5.49859332e-14\n",
      " -5.70666667e-14 -5.91561700e-14 -6.12502480e-14 -6.33443022e-14\n",
      " -6.54333192e-14 -6.75118622e-14 -6.95740662e-14 -7.16136379e-14\n",
      " -7.36238615e-14 -7.55976101e-14 -7.75273651e-14 -7.94052429e-14\n",
      " -8.12230308e-14 -8.29722326e-14 -8.46441242e-14 -8.62298207e-14\n",
      " -8.77203536e-14 -8.91067603e-14 -9.03801849e-14 -9.15319889e-14\n",
      " -9.25538729e-14 -9.34380073e-14 -9.41771706e-14 -9.47648932e-14\n",
      " -9.51956067e-14 -9.54647940e-14 -9.55691404e-14 -9.55066826e-14\n",
      " -9.52769552e-14 -9.48811331e-14 -9.43221716e-14 -9.36049460e-14\n",
      " -9.27363967e-14 -9.17256873e-14 -9.05843916e-14 -8.93267299e-14\n",
      " -8.79698879e-14 -8.65344694e-14 -8.50451604e-14 -8.35317284e-14\n",
      " -8.20305592e-14 -8.05870727e-14 -7.92596220e-14 -7.81259933e-14\n",
      " -7.72947047e-14 -7.69257213e-14 -7.72711536e-14 -7.87628179e-14\n",
      " -8.22253697e-14 -8.94955909e-14 -1.05801639e-13 -1.55386673e-13]\n",
      "sol.value(Up) [[-9.89573175e-09 -9.88856182e-09 -9.88063433e-09 ... -5.55702623e-09\n",
      "  -5.89966999e-09 -6.30338898e-09]\n",
      " [-9.89697464e-09 -9.88993850e-09 -9.88212020e-09 ... -5.65395146e-09\n",
      "  -5.98827969e-09 -6.38217257e-09]\n",
      " [-9.90612205e-09 -9.89975947e-09 -9.89276331e-09 ... -6.28269348e-09\n",
      "  -6.56861090e-09 -6.90546674e-09]\n",
      " ...\n",
      " [-9.88102730e-09 -9.87348797e-09 -9.86520900e-09 ... -4.89385310e-09\n",
      "  -5.26709659e-09 -5.70654699e-09]\n",
      " [-9.87488190e-09 -9.86703903e-09 -9.85844488e-09 ... -4.63698483e-09\n",
      "  -5.02287575e-09 -5.47724772e-09]\n",
      " [-9.84963519e-09 -9.84023666e-09 -9.82996847e-09 ... -3.68364924e-09\n",
      "  -4.11183223e-09 -4.61659628e-09]]\n",
      "sol.value(Um) [[ 4.16361433e-05  4.03107644e-08  1.38721916e-08 ...  1.17568564e-09\n",
      "   2.76082239e-09  6.68719336e-09]\n",
      " [ 1.17409243e-03  3.72384144e-08  1.27562730e-08 ...  9.76213237e-10\n",
      "   2.53347869e-09  6.38895347e-09]\n",
      " [ 2.47672339e-03  7.28847198e-09 -1.20053181e-09 ... -6.09420293e-10\n",
      "   7.22899351e-10  4.02134546e-09]\n",
      " ...\n",
      " [-7.25333814e-09 -6.47888319e-09 -5.26066915e-09 ...  3.97411853e-09\n",
      "   5.96004517e-09  1.08340509e-08]\n",
      " [-8.09743767e-09 -7.62496905e-09 -6.91403849e-09 ...  5.03493056e-09\n",
      "   7.16976243e-09  1.23970730e-08]\n",
      " [-9.10636768e-09 -8.94634684e-09 -8.73094159e-09 ...  9.35084025e-09\n",
      "   1.20748314e-08  1.86957706e-08]]\n",
      "start HMC\n",
      "here first\n",
      "here second\n",
      "mass matrix used in HMC: [[ 9.8800000e+02 -1.0475210e+00 -1.9000000e+03  9.6400000e+02\n",
      "  -9.5500000e+01  4.8000000e+01 -9.8800000e-01  7.1307016e-01\n",
      "   0.0000000e+00  0.0000000e+00  0.0000000e+00  0.0000000e+00\n",
      "   0.0000000e+00]\n",
      " [-1.0475210e+00  8.8713590e-02  2.9507419e+00 -1.4900000e+00\n",
      "  -9.4600000e-01  4.3485503e-01  1.2637850e-02 -2.3811700e-03\n",
      "   0.0000000e+00  0.0000000e+00  0.0000000e+00  0.0000000e+00\n",
      "   0.0000000e+00]\n",
      " [-1.9000000e+03  2.9507419e+00  4.1456892e+03 -2.1000000e+03\n",
      "  -2.9800000e+02  1.5358958e+02  1.5200000e+00 -8.6589583e-01\n",
      "   0.0000000e+00  0.0000000e+00  0.0000000e+00  0.0000000e+00\n",
      "   0.0000000e+00]\n",
      " [ 9.6400000e+02 -1.4900000e+00 -2.1000000e+03  1.0700000e+03\n",
      "   1.5300000e+02 -7.8800000e+01 -7.6700000e-01  4.3733948e-01\n",
      "   0.0000000e+00  0.0000000e+00  0.0000000e+00  0.0000000e+00\n",
      "   0.0000000e+00]\n",
      " [-9.5500000e+01 -9.4600000e-01 -2.9800000e+02  1.5300000e+02\n",
      "   4.9300000e+02 -2.5200000e+02  2.9100000e-01 -5.8772874e-01\n",
      "   0.0000000e+00  0.0000000e+00  0.0000000e+00  0.0000000e+00\n",
      "   0.0000000e+00]\n",
      " [ 4.8000000e+01  4.3485503e-01  1.5358958e+02 -7.8800000e+01\n",
      "  -2.5200000e+02  1.2893438e+02 -1.1700000e-01  3.0265739e-01\n",
      "   0.0000000e+00  0.0000000e+00  0.0000000e+00  0.0000000e+00\n",
      "   0.0000000e+00]\n",
      " [-9.8800000e-01  1.2637850e-02  1.5200000e+00 -7.6700000e-01\n",
      "   2.9100000e-01 -1.1700000e-01  5.4900000e-02 -1.5131100e-03\n",
      "   0.0000000e+00  0.0000000e+00  0.0000000e+00  0.0000000e+00\n",
      "   0.0000000e+00]\n",
      " [ 7.1307016e-01 -2.3811700e-03 -8.6589583e-01  4.3733948e-01\n",
      "  -5.8772874e-01  3.0265739e-01 -1.5131100e-03  5.1104500e-03\n",
      "   0.0000000e+00  0.0000000e+00  0.0000000e+00  0.0000000e+00\n",
      "   0.0000000e+00]\n",
      " [ 0.0000000e+00  0.0000000e+00  0.0000000e+00  0.0000000e+00\n",
      "   0.0000000e+00  0.0000000e+00  0.0000000e+00  0.0000000e+00\n",
      "   7.8416587e+01  5.8851248e-01  4.0776538e+00 -6.1855287e+00\n",
      "   2.0196578e-01]\n",
      " [ 0.0000000e+00  0.0000000e+00  0.0000000e+00  0.0000000e+00\n",
      "   0.0000000e+00  0.0000000e+00  0.0000000e+00  0.0000000e+00\n",
      "   5.8851248e-01  3.1307260e-02 -1.3892220e-02 -6.0274690e-02\n",
      "   1.2068710e-02]\n",
      " [ 0.0000000e+00  0.0000000e+00  0.0000000e+00  0.0000000e+00\n",
      "   0.0000000e+00  0.0000000e+00  0.0000000e+00  0.0000000e+00\n",
      "   4.0776538e+00 -1.3892220e-02  1.3834268e+00 -4.9110293e-01\n",
      "  -3.8298630e-02]\n",
      " [ 0.0000000e+00  0.0000000e+00  0.0000000e+00  0.0000000e+00\n",
      "   0.0000000e+00  0.0000000e+00  0.0000000e+00  0.0000000e+00\n",
      "  -6.1855287e+00 -6.0274690e-02 -4.9110293e-01  5.5157369e-01\n",
      "  -3.9628460e-02]\n",
      " [ 0.0000000e+00  0.0000000e+00  0.0000000e+00  0.0000000e+00\n",
      "   0.0000000e+00  0.0000000e+00  0.0000000e+00  0.0000000e+00\n",
      "   2.0196578e-01  1.2068710e-02 -3.8298630e-02 -3.9628460e-02\n",
      "   3.0296630e-02]]\n",
      "Failed to use efficient LU factorization for sparse matrices;\n",
      "Trying dense!\n",
      "start sampling_results\n",
      "here,here\n",
      "\n",
      "=====================================================\n",
      "Started Sampling\n",
      "=====================================================\n",
      "\n",
      "start markov chain\n",
      "1: proposed state [-1.15559607e+02 -6.41873731e-01  1.16079385e+02 -6.09304912e+01\n",
      "  1.28848350e+02 -6.59771297e+01  2.72129643e+00  1.22676741e-01\n",
      " -8.33010713e+00  3.19055380e+00 -3.31245567e+00  9.28793690e+00\n",
      "  4.44171553e+00]\n",
      "<: proposed momentum [ 9.76380344e+00  4.00439393e-01 -2.25865804e+01  1.06561454e+01\n",
      " -2.75764003e+00  1.87905643e+00  4.73465952e-01  4.84465075e-02\n",
      " -2.87612151e+95 -2.20651857e+96 -9.38695300e+95 -4.62229789e+96\n",
      " -4.45464036e+96]\n",
      "1: proposed state [-1.15570161e+002 -2.60563172e-001  1.16071354e+002 -6.09350217e+001\n",
      "  1.28982790e+002 -6.57053750e+001  2.91627450e+000  6.98745702e-001\n",
      " -1.22866309e+100 -9.34006830e+100 -3.99580137e+100 -1.97171880e+101\n",
      " -1.89310597e+101]\n",
      "<: proposed momentum [ 9.76380344e+00  4.00439393e-01 -2.25865804e+01  1.06561454e+01\n",
      " -2.75764003e+00  1.87905643e+00  4.73465952e-01  4.84465075e-02\n",
      " -2.87612151e+95 -2.20651857e+96 -9.38695300e+95 -4.62229789e+96\n",
      " -4.45464036e+96]\n",
      "1: proposed state [-1.15580714e+002  1.20747387e-001  1.16063323e+002 -6.09395521e+001\n",
      "  1.29117230e+002 -6.54336204e+001  3.11125256e+000  1.27481466e+000\n",
      " -2.45732617e+100 -1.86801366e+101 -7.99160274e+100 -3.94343759e+101\n",
      " -3.78621194e+101]\n",
      "<: proposed momentum [ 9.76380344e+00  4.00439393e-01 -2.25865804e+01  1.06561454e+01\n",
      " -2.75764003e+00  1.87905643e+00  4.73465952e-01  4.84465075e-02\n",
      " -2.87612151e+95 -2.20651857e+96 -9.38695300e+95 -4.62229789e+96\n",
      " -4.45464036e+96]\n",
      "1: proposed state [-1.15591268e+002  5.02057946e-001  1.16055292e+002 -6.09440825e+001\n",
      "  1.29251670e+002 -6.51618657e+001  3.30623062e+000  1.85088363e+000\n",
      " -3.68598926e+100 -2.80202049e+101 -1.19874041e+101 -5.91515639e+101\n",
      " -5.67931792e+101]\n",
      "<: proposed momentum [ 9.76380344e+00  4.00439393e-01 -2.25865804e+01  1.06561454e+01\n",
      " -2.75764003e+00  1.87905643e+00  4.73465952e-01  4.84465075e-02\n",
      " -2.87612151e+95 -2.20651857e+96 -9.38695300e+95 -4.62229789e+96\n",
      " -4.45464036e+96]\n",
      "1: proposed state [-1.15601822e+002  8.83368505e-001  1.16047261e+002 -6.09486130e+001\n",
      "  1.29386110e+002 -6.48901110e+001  3.50120869e+000  2.42695259e+000\n",
      " -4.91465235e+100 -3.73602732e+101 -1.59832055e+101 -7.88687519e+101\n",
      " -7.57242389e+101]\n"
     ]
    },
    {
     "ename": "KeyboardInterrupt",
     "evalue": "",
     "output_type": "error",
     "traceback": [
      "\u001b[1;31m---------------------------------------------------------------------------\u001b[0m",
      "\u001b[1;31mKeyboardInterrupt\u001b[0m                         Traceback (most recent call last)",
      "Cell \u001b[1;32mIn[1], line 91\u001b[0m\n\u001b[0;32m     88\u001b[0m \u001b[39mif\u001b[39;00m \u001b[39mnot\u001b[39;00m os\u001b[39m.\u001b[39mpath\u001b[39m.\u001b[39mexists(plotdir):\n\u001b[0;32m     89\u001b[0m     os\u001b[39m.\u001b[39mmakedirs(plotdir)\n\u001b[1;32m---> 91\u001b[0m casadi_results \u001b[39m=\u001b[39m solvers\u001b[39m.\u001b[39;49msolve_with_casadi(weight \u001b[39m=\u001b[39;49m weight,\n\u001b[0;32m     92\u001b[0m                                        xi \u001b[39m=\u001b[39;49m xi,\n\u001b[0;32m     93\u001b[0m                                        pf\u001b[39m=\u001b[39;49mpf,\n\u001b[0;32m     94\u001b[0m                                        pa\u001b[39m=\u001b[39;49mpa,\n\u001b[0;32m     95\u001b[0m                                        site_num\u001b[39m=\u001b[39;49msitenum,\n\u001b[0;32m     96\u001b[0m                                        T\u001b[39m=\u001b[39;49mtime,\n\u001b[0;32m     97\u001b[0m                                        output_dir\u001b[39m=\u001b[39;49moutput_dir,\n\u001b[0;32m     98\u001b[0m                                        mix_in\u001b[39m=\u001b[39;49mmix_in,\n\u001b[0;32m     99\u001b[0m                                        mass_matrix_theta_scale\u001b[39m=\u001b[39;49mmass_matrix_theta_scale,\n\u001b[0;32m    100\u001b[0m                                        mass_matrix_gamma_scale\u001b[39m=\u001b[39;49mmass_matrix_gamma_scale,\n\u001b[0;32m    101\u001b[0m                                        mass_matrix_weight\u001b[39m=\u001b[39;49mmass_matrix_weight,\n\u001b[0;32m    102\u001b[0m                                        stepsize \u001b[39m=\u001b[39;49m stepsize,\n\u001b[0;32m    103\u001b[0m                                        symplectic_integrator_num_steps\u001b[39m=\u001b[39;49msymplectic_integrator_num_steps,\n\u001b[0;32m    104\u001b[0m                                        two_param_uncertainty \u001b[39m=\u001b[39;49m \u001b[39mTrue\u001b[39;49;00m,\n\u001b[0;32m    105\u001b[0m                                        scale \u001b[39m=\u001b[39;49m scale,\n\u001b[0;32m    106\u001b[0m                                        mode \u001b[39m=\u001b[39;49m mode,\n\u001b[0;32m    107\u001b[0m                                        )\n",
      "File \u001b[1;32mc:\\Users\\pengyu\\Desktop\\9.10-HMC\\HMC_v4-main\\solvers.py:721\u001b[0m, in \u001b[0;36msolve_with_casadi\u001b[1;34m(site_num, norm_fac, delta_t, alpha, kappa, pf, pa, xi, zeta, max_iter, tol, T, N, sample_size, mode_as_solution, final_sample_size, two_param_uncertainty, weight, output_dir, mix_in, mass_matrix_theta_scale, mass_matrix_gamma_scale, symplectic_integrator_num_steps, mass_matrix_weight, stepsize, scale, mode)\u001b[0m\n\u001b[0;32m    712\u001b[0m \u001b[39mprint\u001b[39m(\u001b[39m\"\u001b[39m\u001b[39mstart sampling_results\u001b[39m\u001b[39m\"\u001b[39m)\n\u001b[0;32m    713\u001b[0m \u001b[39m# if scale == 1.0:\u001b[39;00m\n\u001b[0;32m    714\u001b[0m \u001b[39m# # Update to get the mode as well as the sample\u001b[39;00m\n\u001b[0;32m    715\u001b[0m \u001b[39m#     sampling_results = sampler.start_MCMC_sampling(\u001b[39;00m\n\u001b[1;32m   (...)\u001b[0m\n\u001b[0;32m    719\u001b[0m \u001b[39m#     )\u001b[39;00m\n\u001b[0;32m    720\u001b[0m \u001b[39m# else:\u001b[39;00m\n\u001b[1;32m--> 721\u001b[0m sampling_results \u001b[39m=\u001b[39m sampler\u001b[39m.\u001b[39;49mstart_MCMC_sampling(\n\u001b[0;32m    722\u001b[0m     sample_size\u001b[39m=\u001b[39;49msample_size,\n\u001b[0;32m    723\u001b[0m     initial_state\u001b[39m=\u001b[39;49muncertain_vals,\n\u001b[0;32m    724\u001b[0m     verbose\u001b[39m=\u001b[39;49m\u001b[39mTrue\u001b[39;49;00m,\n\u001b[0;32m    725\u001b[0m )\n\u001b[0;32m    727\u001b[0m \u001b[39m# count_positive=sampling_results['count_positive']\u001b[39;00m\n\u001b[0;32m    728\u001b[0m \u001b[39m# count_Ratio=count_positive/2100\u001b[39;00m\n\u001b[0;32m    729\u001b[0m \u001b[39m# print(\"positive_ratio\",count_Ratio)\u001b[39;00m\n\u001b[1;32m   (...)\u001b[0m\n\u001b[0;32m    734\u001b[0m \u001b[39m# print(\"site positive ratio\",site_count_Ratio)\u001b[39;00m\n\u001b[0;32m    735\u001b[0m \u001b[39m# site_count_Ratio_tracker.append(site_count_Ratio)\u001b[39;00m\n\u001b[0;32m    737\u001b[0m uncertainty_post_samples \u001b[39m=\u001b[39m np\u001b[39m.\u001b[39masarray(\n\u001b[0;32m    738\u001b[0m     sampling_results[\u001b[39m'\u001b[39m\u001b[39mcollected_ensemble\u001b[39m\u001b[39m'\u001b[39m]\n\u001b[0;32m    739\u001b[0m )\n",
      "File \u001b[1;32mc:\\Users\\pengyu\\Desktop\\9.10-HMC\\HMC_v4-main\\src/mcmc\\mcmc_sampling_original.py:1077\u001b[0m, in \u001b[0;36mHMCSampler.start_MCMC_sampling\u001b[1;34m(self, sample_size, initial_state, randomize_step_size, full_diagnostics, verbose)\u001b[0m\n\u001b[0;32m   1074\u001b[0m current_momentum \u001b[39m=\u001b[39m \u001b[39mself\u001b[39m\u001b[39m.\u001b[39mmass_matrix_sqrt_matvec(current_momentum)\n\u001b[0;32m   1076\u001b[0m \u001b[39m# Advance the current state and momentum to propose a new pair:\u001b[39;00m\n\u001b[1;32m-> 1077\u001b[0m proposed_momentum, proposed_state \u001b[39m=\u001b[39m \u001b[39mself\u001b[39;49m\u001b[39m.\u001b[39;49mapply_symplectic_integration(\n\u001b[0;32m   1078\u001b[0m     momentum\u001b[39m=\u001b[39;49mcurrent_momentum,\n\u001b[0;32m   1079\u001b[0m     state\u001b[39m=\u001b[39;49mcurrent_state,\n\u001b[0;32m   1080\u001b[0m     num_steps\u001b[39m=\u001b[39;49mhamiltonian_num_steps,\n\u001b[0;32m   1081\u001b[0m     step_size\u001b[39m=\u001b[39;49mhamiltonian_step_size,\n\u001b[0;32m   1082\u001b[0m     randomize_step_size\u001b[39m=\u001b[39;49mrandomize_step_size,\n\u001b[0;32m   1083\u001b[0m     symplectic_integrator\u001b[39m=\u001b[39;49msymplectic_integrator,\n\u001b[0;32m   1084\u001b[0m )\n\u001b[0;32m   1086\u001b[0m \u001b[39mfor\u001b[39;00m i \u001b[39min\u001b[39;00m \u001b[39mrange\u001b[39m(current_state\u001b[39m.\u001b[39msize):\n\u001b[0;32m   1087\u001b[0m     \u001b[39mif\u001b[39;00m proposed_state[i] \u001b[39m>\u001b[39m\u001b[39m=\u001b[39m\u001b[39m0\u001b[39m:\n",
      "File \u001b[1;32mc:\\Users\\pengyu\\Desktop\\9.10-HMC\\HMC_v4-main\\src/mcmc\\mcmc_sampling_original.py:949\u001b[0m, in \u001b[0;36mHMCSampler.apply_symplectic_integration\u001b[1;34m(self, momentum, state, step_size, num_steps, randomize_step_size, symplectic_integrator)\u001b[0m\n\u001b[0;32m    946\u001b[0m \u001b[39mprint\u001b[39m(\u001b[39m\"\u001b[39m\u001b[39m1: proposed state\u001b[39m\u001b[39m\"\u001b[39m, proposed_state)\n\u001b[0;32m    948\u001b[0m \u001b[39m# Update momentum\u001b[39;00m\n\u001b[1;32m--> 949\u001b[0m grad \u001b[39m=\u001b[39m \u001b[39mself\u001b[39;49m\u001b[39m.\u001b[39;49mpotential_energy_grad(proposed_state)\n\u001b[0;32m    950\u001b[0m proposed_momentum \u001b[39m=\u001b[39m current_momentum \u001b[39m-\u001b[39m h \u001b[39m*\u001b[39m grad\n\u001b[0;32m    951\u001b[0m \u001b[39mprint\u001b[39m(\u001b[39m\"\u001b[39m\u001b[39m<: proposed momentum\u001b[39m\u001b[39m\"\u001b[39m, proposed_momentum)\n",
      "File \u001b[1;32mc:\\Users\\pengyu\\Desktop\\9.10-HMC\\HMC_v4-main\\src/mcmc\\mcmc_sampling_original.py:828\u001b[0m, in \u001b[0;36mHMCSampler.potential_energy_grad\u001b[1;34m(self, state, verbose)\u001b[0m\n\u001b[0;32m    826\u001b[0m     \u001b[39m# raise ValueError\u001b[39;00m\n\u001b[0;32m    827\u001b[0m     \u001b[39mreturn\u001b[39;00m np\u001b[39m.\u001b[39mnan\n\u001b[1;32m--> 828\u001b[0m \u001b[39mreturn\u001b[39;00m \u001b[39m-\u001b[39m \u001b[39mself\u001b[39;49m\u001b[39m.\u001b[39;49mlog_density_grad(state)\n",
      "File \u001b[1;32mc:\\Users\\pengyu\\Desktop\\9.10-HMC\\HMC_v4-main\\src/mcmc\\mcmc_sampling_original.py:800\u001b[0m, in \u001b[0;36mHMCSampler.log_density_grad\u001b[1;34m(self, state)\u001b[0m\n\u001b[0;32m    796\u001b[0m \u001b[39mdef\u001b[39;00m \u001b[39mlog_density_grad\u001b[39m(\u001b[39mself\u001b[39m, state):\n\u001b[0;32m    797\u001b[0m     \u001b[39m\"\"\"\u001b[39;00m\n\u001b[0;32m    798\u001b[0m \u001b[39m    Evaluate the gradient of the logarithm of the target unscaled posterior density function\u001b[39;00m\n\u001b[0;32m    799\u001b[0m \u001b[39m    \"\"\"\u001b[39;00m\n\u001b[1;32m--> 800\u001b[0m     \u001b[39mreturn\u001b[39;00m \u001b[39mself\u001b[39;49m\u001b[39m.\u001b[39;49m_LOG_DENSITY_GRAD(state)\n",
      "File \u001b[1;32mc:\\Users\\pengyu\\Desktop\\9.10-HMC\\HMC_v4-main\\src/mcmc\\mcmc_sampling_original.py:452\u001b[0m, in \u001b[0;36mHMCSampler.__create_func_grad.<locals>.func_grad\u001b[1;34m(x, fd_eps, fd_central)\u001b[0m\n\u001b[0;32m    450\u001b[0m         grad[i] \u001b[39m=\u001b[39m (func(x\u001b[39m+\u001b[39me) \u001b[39m-\u001b[39m func(x\u001b[39m-\u001b[39me)) \u001b[39m/\u001b[39m (\u001b[39m2.0\u001b[39m \u001b[39m*\u001b[39m fd_eps)\n\u001b[0;32m    451\u001b[0m     \u001b[39melse\u001b[39;00m:\n\u001b[1;32m--> 452\u001b[0m         grad[i] \u001b[39m=\u001b[39m (func(x\u001b[39m+\u001b[39me) \u001b[39m-\u001b[39m func(x)) \u001b[39m/\u001b[39m fd_eps\n\u001b[0;32m    453\u001b[0m \u001b[39mreturn\u001b[39;00m grad\n",
      "File \u001b[1;32mc:\\Users\\pengyu\\Desktop\\9.10-HMC\\HMC_v4-main\\solvers.py:650\u001b[0m, in \u001b[0;36msolve_with_casadi.<locals>.<lambda>\u001b[1;34m(uncertain_vals)\u001b[0m\n\u001b[0;32m    643\u001b[0m sol_val_Z_tracker\u001b[39m.\u001b[39mappend(sol_val_Z)\n\u001b[0;32m    646\u001b[0m \u001b[39m# print(\"sol_val_X\",sol_val_X)\u001b[39;00m\n\u001b[0;32m    647\u001b[0m \u001b[39m# sys.exit(\"Exiting because of some condition.\")\u001b[39;00m\n\u001b[0;32m    648\u001b[0m \u001b[39m## Start Sampling\u001b[39;00m\n\u001b[0;32m    649\u001b[0m \u001b[39m# Update signature of log density evaluator\u001b[39;00m\n\u001b[1;32m--> 650\u001b[0m log_density \u001b[39m=\u001b[39m \u001b[39mlambda\u001b[39;00m uncertain_vals: log_density_function(uncertain_vals\u001b[39m=\u001b[39;49muncertain_vals,\n\u001b[0;32m    651\u001b[0m                                                     uncertain_vals_mean\u001b[39m=\u001b[39;49muncertain_vals_mean,\n\u001b[0;32m    652\u001b[0m                                                     block_matrix\u001b[39m=\u001b[39;49mblock_matrix,\n\u001b[0;32m    653\u001b[0m                                                     \u001b[39m# thetaSD=None,\u001b[39;49;00m\n\u001b[0;32m    654\u001b[0m                                                     \u001b[39m# gammaSD=None,\u001b[39;49;00m\n\u001b[0;32m    655\u001b[0m                                                     scale\u001b[39m=\u001b[39;49m\u001b[39m0.0\u001b[39;49m,                                                                \n\u001b[0;32m    656\u001b[0m                                                     \u001b[39m# site_precisions=site_precisions,\u001b[39;49;00m\n\u001b[0;32m    657\u001b[0m                                                     alpha\u001b[39m=\u001b[39;49malpha,\n\u001b[0;32m    658\u001b[0m                                                     N\u001b[39m=\u001b[39;49mN,\n\u001b[0;32m    659\u001b[0m                                                     \u001b[39m# sol=sol,\u001b[39;49;00m\n\u001b[0;32m    660\u001b[0m                                                     sol_val_X\u001b[39m=\u001b[39;49msol_val_X,\n\u001b[0;32m    661\u001b[0m                                                     sol_val_Ua\u001b[39m=\u001b[39;49msol_val_Ua,\n\u001b[0;32m    662\u001b[0m                                                     sol_val_Up\u001b[39m=\u001b[39;49msol_val_Up,\n\u001b[0;32m    663\u001b[0m                                                     zbar_2017\u001b[39m=\u001b[39;49mzbar_2017,\n\u001b[0;32m    664\u001b[0m                                                     forestArea_2017_ha\u001b[39m=\u001b[39;49mforestArea_2017_ha,\n\u001b[0;32m    665\u001b[0m                                                     norm_fac\u001b[39m=\u001b[39;49mnorm_fac,\n\u001b[0;32m    666\u001b[0m                                                     alpha_p_Adym\u001b[39m=\u001b[39;49malpha_p_Adym,\n\u001b[0;32m    667\u001b[0m                                                     Bdym\u001b[39m=\u001b[39;49mBdym,\n\u001b[0;32m    668\u001b[0m                                                     leng\u001b[39m=\u001b[39;49mleng,\n\u001b[0;32m    669\u001b[0m                                                     T\u001b[39m=\u001b[39;49mT,\n\u001b[0;32m    670\u001b[0m                                                     ds_vect\u001b[39m=\u001b[39;49mds_vect,\n\u001b[0;32m    671\u001b[0m                                                     zeta\u001b[39m=\u001b[39;49mzeta,\n\u001b[0;32m    672\u001b[0m                                                     xi\u001b[39m=\u001b[39;49mxi,\n\u001b[0;32m    673\u001b[0m                                                     kappa\u001b[39m=\u001b[39;49mkappa,\n\u001b[0;32m    674\u001b[0m                                                     pa\u001b[39m=\u001b[39;49mpa,\n\u001b[0;32m    675\u001b[0m                                                     pf\u001b[39m=\u001b[39;49mpf,\n\u001b[0;32m    676\u001b[0m                                                     two_param_uncertainty \u001b[39m=\u001b[39;49m  two_param_uncertainty,\n\u001b[0;32m    677\u001b[0m                                                     sfdata_theta\u001b[39m=\u001b[39;49msfdata_theta,\n\u001b[0;32m    678\u001b[0m                                                     sfdata_gamma\u001b[39m=\u001b[39;49msfdata_gamma,\n\u001b[0;32m    679\u001b[0m                                                     sfdata_id\u001b[39m=\u001b[39;49msfdata_id\n\u001b[0;32m    680\u001b[0m                                                     )\n\u001b[0;32m    683\u001b[0m \u001b[39m# test_vec = np.random.randn(13)\u001b[39;00m\n\u001b[0;32m    684\u001b[0m \u001b[39m# log_density(test_vec)\u001b[39;00m\n\u001b[0;32m    685\u001b[0m \u001b[39m# # log_density=log_density(uncertain_vals)\u001b[39;00m\n\u001b[1;32m   (...)\u001b[0m\n\u001b[0;32m    692\u001b[0m \u001b[39m#     constraint_test_mode = lambda x: True if np.all(x >= 0) else False\u001b[39;00m\n\u001b[0;32m    693\u001b[0m \u001b[39m# elif mode == 2.0:\u001b[39;00m\n\u001b[0;32m    694\u001b[0m constraint_test_mode \u001b[39m=\u001b[39m \u001b[39mlambda\u001b[39;00m x: \u001b[39mTrue\u001b[39;00m \u001b[39mif\u001b[39;00m np\u001b[39m.\u001b[39mmax(x \u001b[39m>\u001b[39m\u001b[39m=\u001b[39m \u001b[39m0\u001b[39m) \u001b[39melse\u001b[39;00m \u001b[39mFalse\u001b[39;00m\n",
      "File \u001b[1;32mc:\\Users\\pengyu\\Desktop\\9.10-HMC\\HMC_v4-main\\solvers.py:220\u001b[0m, in \u001b[0;36mlog_density_function\u001b[1;34m(uncertain_vals, uncertain_vals_mean, block_matrix, N, alpha, sol_val_X, sol_val_Ua, sol_val_Up, zbar_2017, forestArea_2017_ha, norm_fac, alpha_p_Adym, Bdym, leng, T, ds_vect, zeta, xi, kappa, pa, pf, sfdata_theta, sfdata_gamma, sfdata_id, two_param_uncertainty, scale)\u001b[0m\n\u001b[0;32m    215\u001b[0m gamma_coe_vals\u001b[39m=\u001b[39muncertain_vals[\u001b[39m8\u001b[39m:]\n\u001b[0;32m    217\u001b[0m theta_fit\u001b[39m=\u001b[39mtheta_fitted(theta_coe\u001b[39m=\u001b[39mtheta_coe_vals,\n\u001b[0;32m    218\u001b[0m             id_dataframe\u001b[39m=\u001b[39msfdata_id,\n\u001b[0;32m    219\u001b[0m             theta_dataframe\u001b[39m=\u001b[39msfdata_theta)\n\u001b[1;32m--> 220\u001b[0m gamma_fit\u001b[39m=\u001b[39mgamma_fitted(gamma_coe\u001b[39m=\u001b[39;49mgamma_coe_vals,\n\u001b[0;32m    221\u001b[0m         id_dataframe\u001b[39m=\u001b[39;49msfdata_id,\n\u001b[0;32m    222\u001b[0m         gamma_dataframe\u001b[39m=\u001b[39;49msfdata_gamma)\n\u001b[0;32m    224\u001b[0m size           \u001b[39m=\u001b[39m theta_fit\u001b[39m.\u001b[39msize\n\u001b[0;32m    225\u001b[0m beta_vals \u001b[39m=\u001b[39m np\u001b[39m.\u001b[39mconcatenate((theta_fit, gamma_fit))\n",
      "File \u001b[1;32mc:\\Users\\pengyu\\Desktop\\9.10-HMC\\HMC_v4-main\\solvers.py:162\u001b[0m, in \u001b[0;36mgamma_fitted\u001b[1;34m(gamma_coe, id_dataframe, gamma_dataframe)\u001b[0m\n\u001b[0;32m    160\u001b[0m gamma_dataframe[\u001b[39m'\u001b[39m\u001b[39mfitted_value\u001b[39m\u001b[39m'\u001b[39m] \u001b[39m=\u001b[39m np\u001b[39m.\u001b[39mexp((gamma_dataframe\u001b[39m.\u001b[39miloc[:, :\u001b[39m5\u001b[39m] \u001b[39m*\u001b[39m gamma_coe)\u001b[39m.\u001b[39msum(axis\u001b[39m=\u001b[39m\u001b[39m1\u001b[39m))\n\u001b[0;32m    161\u001b[0m gamma_dataframe_fin\u001b[39m=\u001b[39mgamma_dataframe[[\u001b[39m'\u001b[39m\u001b[39mgeometry\u001b[39m\u001b[39m'\u001b[39m,\u001b[39m'\u001b[39m\u001b[39mfitted_value\u001b[39m\u001b[39m'\u001b[39m]]\n\u001b[1;32m--> 162\u001b[0m site_gamma_2017 \u001b[39m=\u001b[39m gpd\u001b[39m.\u001b[39;49moverlay(id_dataframe, gamma_dataframe_fin, how\u001b[39m=\u001b[39;49m\u001b[39m'\u001b[39;49m\u001b[39mintersection\u001b[39;49m\u001b[39m'\u001b[39;49m)\n\u001b[0;32m    166\u001b[0m \u001b[39m# 2. Group by 'id' and 3. compute the weighted mean for each group\u001b[39;00m\n\u001b[0;32m    167\u001b[0m result \u001b[39m=\u001b[39m site_gamma_2017\u001b[39m.\u001b[39mgroupby(\u001b[39m'\u001b[39m\u001b[39mid\u001b[39m\u001b[39m'\u001b[39m)[\u001b[39m'\u001b[39m\u001b[39mfitted_value\u001b[39m\u001b[39m'\u001b[39m]\u001b[39m.\u001b[39mmean()\u001b[39m.\u001b[39mreset_index(name\u001b[39m=\u001b[39m\u001b[39m'\u001b[39m\u001b[39mgamma2017_25Sites\u001b[39m\u001b[39m'\u001b[39m)\n",
      "File \u001b[1;32mc:\\Users\\pengyu\\AppData\\Local\\anaconda3\\lib\\site-packages\\geopandas\\tools\\overlay.py:317\u001b[0m, in \u001b[0;36moverlay\u001b[1;34m(df1, df2, how, keep_geom_type, make_valid)\u001b[0m\n\u001b[0;32m    315\u001b[0m     result \u001b[39m=\u001b[39m _overlay_difference(df1, df2)\n\u001b[0;32m    316\u001b[0m \u001b[39melif\u001b[39;00m how \u001b[39m==\u001b[39m \u001b[39m\"\u001b[39m\u001b[39mintersection\u001b[39m\u001b[39m\"\u001b[39m:\n\u001b[1;32m--> 317\u001b[0m     result \u001b[39m=\u001b[39m _overlay_intersection(df1, df2)\n\u001b[0;32m    318\u001b[0m \u001b[39melif\u001b[39;00m how \u001b[39m==\u001b[39m \u001b[39m\"\u001b[39m\u001b[39msymmetric_difference\u001b[39m\u001b[39m\"\u001b[39m:\n\u001b[0;32m    319\u001b[0m     result \u001b[39m=\u001b[39m _overlay_symmetric_diff(df1, df2)\n",
